./VOCdevkit/VOC2007/JPEGImages/000012.jpg 156,97,351,270,6
./VOCdevkit/VOC2007/JPEGImages/000026.jpg 90,125,337,212,6
./VOCdevkit/VOC2007/JPEGImages/000034.jpg 116,167,360,400,18 141,153,333,229,18
./VOCdevkit/VOC2007/JPEGImages/000036.jpg 27,79,319,344,11
./VOCdevkit/VOC2007/JPEGImages/000044.jpg 1,1,370,330,8 99,101,312,213,7
./VOCdevkit/VOC2007/JPEGImages/000047.jpg 15,1,459,312,6 439,170,487,230,8
./VOCdevkit/VOC2007/JPEGImages/000064.jpg 1,23,451,500,2
./VOCdevkit/VOC2007/JPEGImages/000077.jpg 240,1,500,333,7 2,1,306,333,7
./VOCdevkit/VOC2007/JPEGImages/000078.jpg 15,75,475,412,11 94,41,437,238,11
./VOCdevkit/VOC2007/JPEGImages/000091.jpg 125,241,195,284,6 81,248,105,268,6 91,250,126,274,6
./VOCdevkit/VOC2007/JPEGImages/000112.jpg 70,174,277,328,11 287,162,316,198,8
./VOCdevkit/VOC2007/JPEGImages/000122.jpg 36,20,430,474,7
./VOCdevkit/VOC2007/JPEGImages/000134.jpg 1,115,487,330,6
./VOCdevkit/VOC2007/JPEGImages/000140.jpg 107,146,386,300,11 2,113,500,401,17
./VOCdevkit/VOC2007/JPEGImages/000141.jpg 25,53,418,399,2
./VOCdevkit/VOC2007/JPEGImages/000147.jpg 33,105,65,146,8 77,114,114,149,8 146,125,175,150,8 373,121,402,153,8 435,112,465,149,8
./VOCdevkit/VOC2007/JPEGImages/000153.jpg 237,147,358,191,6
./VOCdevkit/VOC2007/JPEGImages/000154.jpg 59,76,367,266,3
./VOCdevkit/VOC2007/JPEGImages/000161.jpg 104,34,446,390,6 68,195,121,288,6
./VOCdevkit/VOC2007/JPEGImages/000162.jpg 306,227,380,299,19 196,143,309,369,14
./VOCdevkit/VOC2007/JPEGImages/000189.jpg 65,39,459,346,2
./VOCdevkit/VOC2007/JPEGImages/000198.jpg 160,134,286,239,18
./VOCdevkit/VOC2007/JPEGImages/000207.jpg 1,205,113,320,5
./VOCdevkit/VOC2007/JPEGImages/000209.jpg 14,76,400,375,7
./VOCdevkit/VOC2007/JPEGImages/000219.jpg 120,333,310,464,13
./VOCdevkit/VOC2007/JPEGImages/000225.jpg 125,96,355,263,16 2,22,47,81,16
./VOCdevkit/VOC2007/JPEGImages/000228.jpg 92,82,314,228,0
./VOCdevkit/VOC2007/JPEGImages/000235.jpg 243,255,316,375,8 40,266,277,375,10 415,192,457,254,17
./VOCdevkit/VOC2007/JPEGImages/000242.jpg 3,3,499,287,7
./VOCdevkit/VOC2007/JPEGImages/000262.jpg 343,96,500,196,6
./VOCdevkit/VOC2007/JPEGImages/000263.jpg 19,224,355,323,6
./VOCdevkit/VOC2007/JPEGImages/000278.jpg 294,156,500,375,11 111,89,417,375,14
./VOCdevkit/VOC2007/JPEGImages/000294.jpg 330,11,454,368,2 55,93,167,371,2
./VOCdevkit/VOC2007/JPEGImages/000296.jpg 427,125,500,181,6 44,120,459,222,3
./VOCdevkit/VOC2007/JPEGImages/000306.jpg 114,36,182,86,9 237,46,302,87,9 303,42,380,87,9
./VOCdevkit/VOC2007/JPEGImages/000307.jpg 2,3,500,375,15 1,229,40,375,15
./VOCdevkit/VOC2007/JPEGImages/000311.jpg 47,42,433,354,6
./VOCdevkit/VOC2007/JPEGImages/000312.jpg 3,2,500,334,18
./VOCdevkit/VOC2007/JPEGImages/000320.jpg 272,10,304,26,6 228,1,273,29,6 1,78,372,500,14
./VOCdevkit/VOC2007/JPEGImages/000325.jpg 100,63,500,200,0
./VOCdevkit/VOC2007/JPEGImages/000331.jpg 171,234,373,482,8 61,222,138,426,8 149,254,358,467,14
./VOCdevkit/VOC2007/JPEGImages/000334.jpg 37,110,273,178,6
./VOCdevkit/VOC2007/JPEGImages/000344.jpg 89,2,307,441,4
./VOCdevkit/VOC2007/JPEGImages/000347.jpg 77,2,411,348,12
./VOCdevkit/VOC2007/JPEGImages/000349.jpg 159,131,413,362,10 321,126,479,363,8 284,76,360,144,8 100,91,206,298,8 167,161,326,375,8 2,2,89,131,19
./VOCdevkit/VOC2007/JPEGImages/000355.jpg 22,36,427,293,6
./VOCdevkit/VOC2007/JPEGImages/000370.jpg 94,104,253,256,3 244,122,420,257,3
./VOCdevkit/VOC2007/JPEGImages/000379.jpg 46,16,443,341,1
./VOCdevkit/VOC2007/JPEGImages/000387.jpg 5,18,482,255,6
./VOCdevkit/VOC2007/JPEGImages/000391.jpg 57,47,465,458,15
./VOCdevkit/VOC2007/JPEGImages/000395.jpg 104,54,429,264,2
./VOCdevkit/VOC2007/JPEGImages/000400.jpg 11,49,332,489,7
./VOCdevkit/VOC2007/JPEGImages/000404.jpg 133,89,394,321,6
./VOCdevkit/VOC2007/JPEGImages/000416.jpg 330,139,399,248,16 181,171,259,252,16 217,154,345,244,16
./VOCdevkit/VOC2007/JPEGImages/000430.jpg 6,1,500,326,7
./VOCdevkit/VOC2007/JPEGImages/000431.jpg 32,89,497,360,0 85,316,125,340,6
./VOCdevkit/VOC2007/JPEGImages/000450.jpg 38,36,325,426,18
./VOCdevkit/VOC2007/JPEGImages/000454.jpg 1,15,460,297,11
./VOCdevkit/VOC2007/JPEGImages/000469.jpg 16,28,454,315,6
./VOCdevkit/VOC2007/JPEGImages/000474.jpg 53,157,448,359,6 15,61,99,156,3
./VOCdevkit/VOC2007/JPEGImages/000484.jpg 76,42,212,214,15 48,38,462,375,15
./VOCdevkit/VOC2007/JPEGImages/000489.jpg 224,186,297,230,2
./VOCdevkit/VOC2007/JPEGImages/000496.jpg 419,210,482,319,8
./VOCdevkit/VOC2007/JPEGImages/000503.jpg 373,142,500,374,17 14,146,137,361,17
./VOCdevkit/VOC2007/JPEGImages/000508.jpg 435,18,500,169,2 247,139,412,375,2 164,47,326,231,2 19,100,156,327,2 155,127,288,329,2
./VOCdevkit/VOC2007/JPEGImages/000519.jpg 215,114,326,248,3 380,192,500,238,3 13,124,157,249,3
./VOCdevkit/VOC2007/JPEGImages/000522.jpg 36,128,434,271,6
./VOCdevkit/VOC2007/JPEGImages/000537.jpg 111,12,396,400,11
./VOCdevkit/VOC2007/JPEGImages/000544.jpg 286,93,491,229,7 1,66,307,326,7
./VOCdevkit/VOC2007/JPEGImages/000550.jpg 102,213,473,375,10 380,118,443,174,8 150,128,233,229,8
./VOCdevkit/VOC2007/JPEGImages/000552.jpg 4,122,498,258,0 98,75,426,167,0
./VOCdevkit/VOC2007/JPEGImages/000565.jpg 56,92,422,374,1
./VOCdevkit/VOC2007/JPEGImages/000577.jpg 1,1,479,333,12
./VOCdevkit/VOC2007/JPEGImages/000590.jpg 199,109,500,336,6
./VOCdevkit/VOC2007/JPEGImages/000592.jpg 341,276,433,375,8 196,173,384,290,17 129,151,203,218,15
./VOCdevkit/VOC2007/JPEGImages/000605.jpg 321,175,386,192,6
./VOCdevkit/VOC2007/JPEGImages/000609.jpg 16,134,460,275,11
./VOCdevkit/VOC2007/JPEGImages/000620.jpg 114,182,303,309,6
./VOCdevkit/VOC2007/JPEGImages/000622.jpg 156,87,401,339,9
./VOCdevkit/VOC2007/JPEGImages/000632.jpg 282,176,351,255,19 61,167,178,335,8
./VOCdevkit/VOC2007/JPEGImages/000633.jpg 300,122,433,240,19 2,22,339,375,14
./VOCdevkit/VOC2007/JPEGImages/000635.jpg 154,149,420,342,18
./VOCdevkit/VOC2007/JPEGImages/000657.jpg 253,156,310,176,0 203,160,252,178,0 148,169,206,188,0 234,192,291,212,0
./VOCdevkit/VOC2007/JPEGImages/000671.jpg 48,330,268,471,1
./VOCdevkit/VOC2007/JPEGImages/000672.jpg 12,91,495,307,6
./VOCdevkit/VOC2007/JPEGImages/000685.jpg 16,2,498,374,13
./VOCdevkit/VOC2007/JPEGImages/000689.jpg 2,39,498,347,18
./VOCdevkit/VOC2007/JPEGImages/000699.jpg 29,205,337,377,11 102,27,366,358,11 309,130,472,362,11 1,2,500,381,8
./VOCdevkit/VOC2007/JPEGImages/000700.jpg 12,224,56,252,6 1,217,16,264,6 402,227,426,239,6 430,225,463,239,6 141,238,223,276,6 125,246,477,333,6
./VOCdevkit/VOC2007/JPEGImages/000710.jpg 143,177,225,270,7 188,182,303,464,8 95,129,136,249,15
./VOCdevkit/VOC2007/JPEGImages/000711.jpg 59,2,236,187,15
./VOCdevkit/VOC2007/JPEGImages/000729.jpg 10,6,372,498,15
./VOCdevkit/VOC2007/JPEGImages/000740.jpg 290,85,404,276,3 104,104,212,271,3
./VOCdevkit/VOC2007/JPEGImages/000754.jpg 56,81,157,170,5 94,124,150,158,1
./VOCdevkit/VOC2007/JPEGImages/000761.jpg 300,249,412,375,8 19,255,165,375,19 150,141,437,322,17
./VOCdevkit/VOC2007/JPEGImages/000764.jpg 79,80,366,271,12
./VOCdevkit/VOC2007/JPEGImages/000767.jpg 32,1,470,318,9
./VOCdevkit/VOC2007/JPEGImages/000774.jpg 85,36,447,225,18
./VOCdevkit/VOC2007/JPEGImages/000796.jpg 165,118,418,316,2
./VOCdevkit/VOC2007/JPEGImages/000818.jpg 295,121,500,204,18 1,181,33,204,6
./VOCdevkit/VOC2007/JPEGImages/000820.jpg 180,140,368,307,16 348,43,412,71,16
./VOCdevkit/VOC2007/JPEGImages/000823.jpg 49,160,343,265,6
./VOCdevkit/VOC2007/JPEGImages/000827.jpg 214,153,250,199,9 250,160,310,202,9
./VOCdevkit/VOC2007/JPEGImages/000845.jpg 9,97,493,206,0
./VOCdevkit/VOC2007/JPEGImages/000849.jpg 23,56,159,328,11
./VOCdevkit/VOC2007/JPEGImages/000850.jpg 213,71,334,209,2
./VOCdevkit/VOC2007/JPEGImages/000867.jpg 172,96,230,191,15
./VOCdevkit/VOC2007/JPEGImages/000871.jpg 8,114,491,292,6
./VOCdevkit/VOC2007/JPEGImages/000887.jpg 25,49,473,247,0
./VOCdevkit/VOC2007/JPEGImages/000888.jpg 295,204,351,245,6 72,208,209,319,6
./VOCdevkit/VOC2007/JPEGImages/000889.jpg 37,287,186,486,15 181,362,302,458,15 188,2,327,394,15
./VOCdevkit/VOC2007/JPEGImages/000899.jpg 92,139,473,243,18
./VOCdevkit/VOC2007/JPEGImages/000900.jpg 260,135,342,269,16 150,172,215,269,16 101,170,188,252,16
./VOCdevkit/VOC2007/JPEGImages/000908.jpg 1,61,500,375,0
./VOCdevkit/VOC2007/JPEGImages/000912.jpg 153,33,500,334,7
./VOCdevkit/VOC2007/JPEGImages/000919.jpg 39,82,352,330,11
./VOCdevkit/VOC2007/JPEGImages/000929.jpg 1,65,500,375,10 261,64,295,201,4 253,23,276,95,4
./VOCdevkit/VOC2007/JPEGImages/000936.jpg 299,10,347,63,0 314,105,364,156,0 334,149,378,200,0 261,208,305,254,0 155,277,201,329,0
./VOCdevkit/VOC2007/JPEGImages/000950.jpg 52,194,438,324,10
./VOCdevkit/VOC2007/JPEGImages/000951.jpg 226,73,245,127,4
./VOCdevkit/VOC2007/JPEGImages/000954.jpg 1,130,399,322,2
./VOCdevkit/VOC2007/JPEGImages/000958.jpg 1,90,327,299,11
./VOCdevkit/VOC2007/JPEGImages/000962.jpg 4,137,493,375,7
./VOCdevkit/VOC2007/JPEGImages/000964.jpg 167,86,288,304,2 185,70,281,227,2
./VOCdevkit/VOC2007/JPEGImages/000965.jpg 94,285,237,461,11 2,86,374,500,17
./VOCdevkit/VOC2007/JPEGImages/000977.jpg 149,271,179,295,6 36,262,94,309,6 178,245,263,319,6 258,266,293,296,6 321,253,397,333,6 327,259,454,332,6
./VOCdevkit/VOC2007/JPEGImages/000980.jpg 115,46,500,321,2
./VOCdevkit/VOC2007/JPEGImages/000989.jpg 52,117,109,177,19
./VOCdevkit/VOC2007/JPEGImages/000993.jpg 214,137,366,277,18 396,87,466,183,18
./VOCdevkit/VOC2007/JPEGImages/000997.jpg 1,196,205,375,17 381,144,459,209,19
./VOCdevkit/VOC2007/JPEGImages/001002.jpg 199,384,375,483,3 102,366,213,416,3 22,341,103,396,3
./VOCdevkit/VOC2007/JPEGImages/001008.jpg 220,154,300,280,13
./VOCdevkit/VOC2007/JPEGImages/001010.jpg 157,6,308,146,19
./VOCdevkit/VOC2007/JPEGImages/001014.jpg 278,188,395,375,11 150,253,337,369,11 86,91,359,375,14 99,139,401,375,8
./VOCdevkit/VOC2007/JPEGImages/001015.jpg 96,133,110,163,2 392,188,418,209,2
./VOCdevkit/VOC2007/JPEGImages/001043.jpg 61,9,482,309,7
./VOCdevkit/VOC2007/JPEGImages/001068.jpg 33,23,461,316,13
./VOCdevkit/VOC2007/JPEGImages/001077.jpg 28,101,214,296,19
./VOCdevkit/VOC2007/JPEGImages/001078.jpg 2,101,245,375,7
./VOCdevkit/VOC2007/JPEGImages/001082.jpg 212,153,347,306,7 135,1,306,97,15
./VOCdevkit/VOC2007/JPEGImages/001106.jpg 102,160,240,327,8 295,158,389,319,8 339,174,465,363,8 363,149,445,258,8 337,179,500,319,10
./VOCdevkit/VOC2007/JPEGImages/001112.jpg 323,87,406,214,18 61,168,125,202,6 181,279,261,335,15 259,299,350,335,15
./VOCdevkit/VOC2007/JPEGImages/001127.jpg 42,125,203,330,11 195,136,295,288,11 283,113,496,241,11
./VOCdevkit/VOC2007/JPEGImages/001130.jpg 114,107,296,266,9
./VOCdevkit/VOC2007/JPEGImages/001156.jpg 100,80,414,324,7
./VOCdevkit/VOC2007/JPEGImages/001158.jpg 267,1,499,350,8 1,2,259,359,8
./VOCdevkit/VOC2007/JPEGImages/001172.jpg 19,20,486,162,18
./VOCdevkit/VOC2007/JPEGImages/001174.jpg 315,203,380,314,8 246,213,319,330,8 143,202,187,293,8 185,208,373,325,10
./VOCdevkit/VOC2007/JPEGImages/001182.jpg 125,149,403,294,9 100,124,218,183,9
./VOCdevkit/VOC2007/JPEGImages/001191.jpg 1,3,298,375,16
./VOCdevkit/VOC2007/JPEGImages/001194.jpg 72,180,281,340,1
./VOCdevkit/VOC2007/JPEGImages/001204.jpg 81,192,475,373,17
./VOCdevkit/VOC2007/JPEGImages/001205.jpg 88,76,314,263,3
./VOCdevkit/VOC2007/JPEGImages/001207.jpg 125,77,500,375,2
./VOCdevkit/VOC2007/JPEGImages/001209.jpg 196,96,273,238,11
./VOCdevkit/VOC2007/JPEGImages/001214.jpg 43,187,141,354,8 1,227,46,375,8 203,144,244,203,19 122,150,205,209,19 240,165,500,375,17
./VOCdevkit/VOC2007/JPEGImages/001226.jpg 105,50,499,274,11
./VOCdevkit/VOC2007/JPEGImages/001230.jpg 68,154,399,253,0
./VOCdevkit/VOC2007/JPEGImages/001287.jpg 2,127,198,305,12 178,103,500,401,14
./VOCdevkit/VOC2007/JPEGImages/001580.jpg 209,67,433,341,14 3,96,189,337,14 167,224,210,375,4 138,252,195,375,4
./VOCdevkit/VOC2007/JPEGImages/001627.jpg 104,7,280,475,14
./VOCdevkit/VOC2007/JPEGImages/001945.jpg 69,108,238,331,14 93,161,221,477,12
./VOCdevkit/VOC2007/JPEGImages/001999.jpg 391,74,460,153,8 84,54,262,375,14 174,87,234,165,8
./VOCdevkit/VOC2007/JPEGImages/002194.jpg 294,188,391,300,8 81,107,155,278,14 127,117,177,283,14 295,126,464,305,14 377,144,464,268,14
./VOCdevkit/VOC2007/JPEGImages/002564.jpg 17,48,211,333,14 157,34,448,333,14
./VOCdevkit/VOC2007/JPEGImages/002881.jpg 394,341,426,425,4 85,43,323,470,14
./VOCdevkit/VOC2007/JPEGImages/003147.jpg 153,145,366,257,11 54,34,139,248,14
./VOCdevkit/VOC2007/JPEGImages/003247.jpg 261,14,380,332,14 158,29,265,335,14
./VOCdevkit/VOC2007/JPEGImages/003259.jpg 467,243,500,333,4 97,53,298,298,14
./VOCdevkit/VOC2007/JPEGImages/003270.jpg 118,80,327,305,2 149,19,287,333,14
./VOCdevkit/VOC2007/JPEGImages/003284.jpg 336,186,441,227,15 61,172,233,372,14 345,303,443,375,11
./VOCdevkit/VOC2007/JPEGImages/003355.jpg 226,122,376,276,14 2,2,324,242,6 329,2,500,134,6 220,53,486,175,6
./VOCdevkit/VOC2007/JPEGImages/003412.jpg 60,131,332,500,13 131,62,332,440,14
./VOCdevkit/VOC2007/JPEGImages/003433.jpg 18,166,181,494,1 146,16,327,395,14 240,312,340,455,8
./VOCdevkit/VOC2007/JPEGImages/003466.jpg 177,15,445,283,14 1,100,43,174,15
./VOCdevkit/VOC2007/JPEGImages/003575.jpg 20,151,266,375,14 195,140,320,264,14 355,117,487,282,14 22,146,344,364,17
./VOCdevkit/VOC2007/JPEGImages/003585.jpg 138,183,259,411,14 89,244,291,425,13
./VOCdevkit/VOC2007/JPEGImages/003662.jpg 104,8,216,121,19 175,147,333,500,8 89,130,217,450,14
./VOCdevkit/VOC2007/JPEGImages/003699.jpg 224,72,298,178,15 1,65,434,312,14
./VOCdevkit/VOC2007/JPEGImages/003740.jpg 204,160,264,329,14 351,141,412,315,14 7,156,99,353,14
./VOCdevkit/VOC2007/JPEGImages/003860.jpg 1,1,458,212,3 319,110,448,310,14
./VOCdevkit/VOC2007/JPEGImages/003932.jpg 207,345,247,493,4 62,20,283,493,14 243,273,372,412,15
./VOCdevkit/VOC2007/JPEGImages/004012.jpg 53,120,294,500,14 66,226,229,472,14 1,113,375,500,8
./VOCdevkit/VOC2007/JPEGImages/004092.jpg 73,102,430,374,14
./VOCdevkit/VOC2007/JPEGImages/004111.jpg 128,114,375,375,14 139,108,298,367,8
./VOCdevkit/VOC2007/JPEGImages/004133.jpg 97,18,224,334,14
./VOCdevkit/VOC2007/JPEGImages/004201.jpg 138,121,487,375,14 114,100,485,375,14 12,190,394,375,8
./VOCdevkit/VOC2007/JPEGImages/004232.jpg 26,130,101,180,11 110,140,159,182,11 252,128,320,171,11 1,82,33,170,14
./VOCdevkit/VOC2007/JPEGImages/004292.jpg 10,158,183,412,15 156,32,271,377,14
./VOCdevkit/VOC2007/JPEGImages/004339.jpg 33,200,199,452,12 64,95,169,323,14
./VOCdevkit/VOC2007/JPEGImages/004389.jpg 61,239,308,496,12 135,73,263,325,14
./VOCdevkit/VOC2007/JPEGImages/004404.jpg 302,128,385,176,7 115,242,196,329,7 75,58,393,375,14
./VOCdevkit/VOC2007/JPEGImages/004517.jpg 2,98,355,500,14
./VOCdevkit/VOC2007/JPEGImages/004622.jpg 39,61,375,500,14 45,100,365,500,1
./VOCdevkit/VOC2007/JPEGImages/004631.jpg 221,359,362,500,8 194,153,298,414,14 89,154,251,496,14 36,156,88,231,15
./VOCdevkit/VOC2007/JPEGImages/004693.jpg 1,1,143,226,18 104,2,500,261,18 168,141,218,278,14
./VOCdevkit/VOC2007/JPEGImages/004694.jpg 49,71,203,255,14 95,185,202,466,13
./VOCdevkit/VOC2007/JPEGImages/004779.jpg 114,203,284,291,6 143,188,185,304,14
./VOCdevkit/VOC2007/JPEGImages/004898.jpg 146,17,252,303,14 93,159,160,291,14 273,173,307,213,15 383,197,429,262,15
./VOCdevkit/VOC2007/JPEGImages/004990.jpg 15,102,448,365,14
./VOCdevkit/VOC2007/JPEGImages/005057.jpg 167,112,355,312,1 178,38,334,278,14
./VOCdevkit/VOC2007/JPEGImages/005129.jpg 2,163,419,375,8 124,126,380,375,14 266,9,337,131,8 213,25,273,113,8 189,1,223,100,8
./VOCdevkit/VOC2007/JPEGImages/005245.jpg 285,57,489,246,14 1,25,198,241,14
./VOCdevkit/VOC2007/JPEGImages/005310.jpg 29,170,414,333,14 100,33,259,301,14
./VOCdevkit/VOC2007/JPEGImages/005336.jpg 36,273,399,447,17 117,302,367,383,14
./VOCdevkit/VOC2007/JPEGImages/005405.jpg 71,151,276,401,14
./VOCdevkit/VOC2007/JPEGImages/005413.jpg 60,101,228,499,14
./VOCdevkit/VOC2007/JPEGImages/005414.jpg 59,105,217,333,13 265,121,443,333,13 196,40,290,330,14 283,55,433,330,14 432,95,487,150,13
./VOCdevkit/VOC2007/JPEGImages/005450.jpg 7,123,342,500,14
./VOCdevkit/VOC2007/JPEGImages/005508.jpg 89,131,275,500,14
./VOCdevkit/VOC2007/JPEGImages/005527.jpg 24,42,363,500,14
./VOCdevkit/VOC2007/JPEGImages/005563.jpg 419,1,500,77,19 207,39,374,330,14 104,84,369,374,14 356,81,373,127,4
./VOCdevkit/VOC2007/JPEGImages/005585.jpg 334,96,389,276,14 21,131,303,344,6
./VOCdevkit/VOC2007/JPEGImages/005636.jpg 131,184,209,382,12 254,211,318,386,14
./VOCdevkit/VOC2007/JPEGImages/005695.jpg 71,129,331,499,14 171,196,330,486,14
./VOCdevkit/VOC2007/JPEGImages/005731.jpg 2,34,429,313,5 381,177,410,285,14
./VOCdevkit/VOC2007/JPEGImages/005764.jpg 1,17,109,461,14
./VOCdevkit/VOC2007/JPEGImages/005784.jpg 130,114,417,243,8 6,22,410,278,14 7,106,494,438,14
./VOCdevkit/VOC2007/JPEGImages/005796.jpg 45,57,294,500,14 300,275,375,387,19
./VOCdevkit/VOC2007/JPEGImages/005814.jpg 249,163,388,275,19 53,1,279,346,14 188,310,323,351,4
./VOCdevkit/VOC2007/JPEGImages/005873.jpg 140,191,245,338,11 149,2,296,331,14
./VOCdevkit/VOC2007/JPEGImages/005971.jpg 8,109,341,333,14
./VOCdevkit/VOC2007/JPEGImages/005984.jpg 93,200,295,369,11 280,215,464,330,11 60,58,445,374,14
./VOCdevkit/VOC2007/JPEGImages/006104.jpg 33,149,456,333,17 171,100,331,333,14
./VOCdevkit/VOC2007/JPEGImages/006130.jpg 1,116,500,349,17 3,85,263,352,14 203,81,428,367,14 360,78,500,370,14
./VOCdevkit/VOC2007/JPEGImages/006158.jpg 413,89,500,161,19 54,130,190,327,14 1,149,204,338,17
./VOCdevkit/VOC2007/JPEGImages/006236.jpg 4,204,339,423,13 302,235,375,500,13 98,115,220,441,14
./VOCdevkit/VOC2007/JPEGImages/006272.jpg 71,217,146,347,14 72,269,133,382,13
./VOCdevkit/VOC2007/JPEGImages/006285.jpg 256,78,343,237,14 139,87,230,239,14 242,117,352,308,12 143,129,238,306,12
./VOCdevkit/VOC2007/JPEGImages/006352.jpg 153,118,408,177,5 43,82,174,374,14
./VOCdevkit/VOC2007/JPEGImages/006395.jpg 408,35,479,188,19 134,117,316,347,14 17,183,213,375,8
./VOCdevkit/VOC2007/JPEGImages/006442.jpg 2,29,195,500,14 130,181,347,500,14
./VOCdevkit/VOC2007/JPEGImages/006503.jpg 435,84,461,159,4 394,80,416,137,4 307,109,474,327,14 219,86,350,270,14 1,60,100,247,14 3,201,479,375,10
./VOCdevkit/VOC2007/JPEGImages/006637.jpg 352,207,447,372,1 165,158,278,259,1 107,174,172,304,1 325,110,366,316,14 200,87,259,255,14 106,107,210,288,14
./VOCdevkit/VOC2007/JPEGImages/006707.jpg 252,6,417,265,8 118,53,362,354,14
./VOCdevkit/VOC2007/JPEGImages/006727.jpg 54,124,470,287,17 150,206,174,266,4 31,192,72,280,4 75,116,200,264,14 263,110,436,255,14
./VOCdevkit/VOC2007/JPEGImages/006777.jpg 115,170,249,351,15 150,140,329,443,14 26,125,253,500,14
./VOCdevkit/VOC2007/JPEGImages/006824.jpg 127,3,382,287,14
./VOCdevkit/VOC2007/JPEGImages/006833.jpg 201,195,500,375,16 60,40,353,375,14
./VOCdevkit/VOC2007/JPEGImages/006858.jpg 122,128,205,295,12 196,43,299,300,14 1,75,137,186,6
./VOCdevkit/VOC2007/JPEGImages/006950.jpg 103,159,225,372,14 61,209,194,387,1
./VOCdevkit/VOC2007/JPEGImages/006983.jpg 210,163,406,333,3 210,93,285,174,14
./VOCdevkit/VOC2007/JPEGImages/007016.jpg 166,82,244,348,14 246,82,333,198,14 360,61,430,290,14
./VOCdevkit/VOC2007/JPEGImages/007040.jpg 220,171,334,302,14 156,32,444,153,6
./VOCdevkit/VOC2007/JPEGImages/007045.jpg 168,159,331,409,14 91,249,273,369,9 2,213,94,305,9
./VOCdevkit/VOC2007/JPEGImages/007080.jpg 104,2,377,323,14
./VOCdevkit/VOC2007/JPEGImages/007093.jpg 76,74,323,299,14 70,184,235,375,8 284,179,445,375,8
./VOCdevkit/VOC2007/JPEGImages/007129.jpg 82,94,245,397,11 187,9,422,397,14
./VOCdevkit/VOC2007/JPEGImages/007138.jpg 9,57,235,333,14 2,65,428,343,12
./VOCdevkit/VOC2007/JPEGImages/007159.jpg 435,151,500,210,6 146,155,177,282,14 36,154,68,289,14
./VOCdevkit/VOC2007/JPEGImages/007214.jpg 30,351,113,491,11 84,132,209,499,14 183,105,336,498,14
./VOCdevkit/VOC2007/JPEGImages/007256.jpg 325,190,418,289,1 360,131,443,300,14 100,79,170,284,14
./VOCdevkit/VOC2007/JPEGImages/007298.jpg 3,1,278,330,5 291,135,333,275,14 217,132,268,266,14
./VOCdevkit/VOC2007/JPEGImages/007336.jpg 46,189,149,472,14 226,203,325,478,14
./VOCdevkit/VOC2007/JPEGImages/007413.jpg 1,1,380,221,0 135,217,167,291,14
./VOCdevkit/VOC2007/JPEGImages/007446.jpg 43,241,218,500,1 53,9,203,380,14 192,125,346,184,6 1,121,43,147,6
./VOCdevkit/VOC2007/JPEGImages/007526.jpg 167,123,260,312,14 86,160,300,412,12
./VOCdevkit/VOC2007/JPEGImages/007558.jpg 198,52,367,334,14 310,37,475,334,14 157,21,283,180,8
./VOCdevkit/VOC2007/JPEGImages/007606.jpg 119,41,415,375,14
./VOCdevkit/VOC2007/JPEGImages/007611.jpg 312,56,492,375,14 1,110,320,375,12
./VOCdevkit/VOC2007/JPEGImages/007619.jpg 245,256,342,333,8 384,143,440,291,14
./VOCdevkit/VOC2007/JPEGImages/007683.jpg 51,248,210,375,11 232,44,344,375,14
./VOCdevkit/VOC2007/JPEGImages/007718.jpg 56,174,327,361,14 95,124,496,257,3
./VOCdevkit/VOC2007/JPEGImages/007735.jpg 191,68,284,295,14 4,266,366,333,10 240,209,384,316,8
./VOCdevkit/VOC2007/JPEGImages/007821.jpg 23,58,313,312,6 130,79,278,484,14 21,46,165,428,14
./VOCdevkit/VOC2007/JPEGImages/007877.jpg 3,4,282,373,14 194,103,428,375,14
./VOCdevkit/VOC2007/JPEGImages/007884.jpg 28,12,479,406,14 13,244,450,416,1
./VOCdevkit/VOC2007/JPEGImages/007910.jpg 316,18,465,375,14
./VOCdevkit/VOC2007/JPEGImages/007915.jpg 58,203,145,297,19 150,202,253,286,19 259,219,369,333,19 278,261,328,372,19 127,254,217,351,19 195,258,278,368,19 117,39,366,281,14
./VOCdevkit/VOC2007/JPEGImages/007940.jpg 90,16,383,375,14
./VOCdevkit/VOC2007/JPEGImages/008008.jpg 189,79,336,237,13 130,1,217,35,13 194,35,334,226,14
./VOCdevkit/VOC2007/JPEGImages/008019.jpg 15,122,365,318,12 173,66,288,274,14 381,164,480,318,6
./VOCdevkit/VOC2007/JPEGImages/008042.jpg 75,138,500,364,17 67,61,213,261,14 96,269,121,344,4 116,268,135,334,4 123,255,142,319,4 145,259,171,326,4 154,240,173,307,4 38,193,57,261,4
./VOCdevkit/VOC2007/JPEGImages/008053.jpg 10,346,98,489,2 129,213,204,500,2 135,369,224,475,2 86,8,224,439,14
./VOCdevkit/VOC2007/JPEGImages/008130.jpg 300,29,399,215,14
./VOCdevkit/VOC2007/JPEGImages/008163.jpg 2,65,150,99,3 121,53,200,79,3 209,75,354,129,3 307,62,419,106,3 40,182,381,265,3 81,146,176,224,14 41,160,81,221,14
./VOCdevkit/VOC2007/JPEGImages/008211.jpg 78,182,282,500,14
./VOCdevkit/VOC2007/JPEGImages/008253.jpg 89,132,427,325,14 350,4,500,200,1
./VOCdevkit/VOC2007/JPEGImages/008272.jpg 302,4,500,375,14 1,3,261,375,14 203,239,366,337,11
./VOCdevkit/VOC2007/JPEGImages/008312.jpg 36,143,266,440,13 173,79,341,401,14
./VOCdevkit/VOC2007/JPEGImages/008313.jpg 369,208,446,308,1 252,220,368,347,1 1,236,165,374,1 55,174,134,375,14 325,169,387,344,14
./VOCdevkit/VOC2007/JPEGImages/008385.jpg 1,378,327,500,10 104,196,305,454,14 269,318,354,500,8
./VOCdevkit/VOC2007/JPEGImages/008452.jpg 157,172,374,295,17 118,162,310,310,14
./VOCdevkit/VOC2007/JPEGImages/008453.jpg 281,105,340,152,7 72,91,238,359,14 225,1,500,362,8
./VOCdevkit/VOC2007/JPEGImages/008467.jpg 68,153,251,433,11 179,12,375,486,14 1,109,155,277,14
./VOCdevkit/VOC2007/JPEGImages/008559.jpg 103,66,333,500,14 1,140,82,471,14
./VOCdevkit/VOC2007/JPEGImages/008628.jpg 169,31,320,173,8 1,1,250,406,14
./VOCdevkit/VOC2007/JPEGImages/008690.jpg 147,14,337,267,14
./VOCdevkit/VOC2007/JPEGImages/008731.jpg 150,93,255,278,12 295,97,383,282,14
./VOCdevkit/VOC2007/JPEGImages/008744.jpg 125,128,265,325,14 131,180,270,383,12
./VOCdevkit/VOC2007/JPEGImages/008768.jpg 89,111,165,366,14 259,124,355,359,14 1,124,247,315,6
./VOCdevkit/VOC2007/JPEGImages/008879.jpg 127,67,375,375,14 151,161,310,374,14
./VOCdevkit/VOC2007/JPEGImages/008920.jpg 224,151,401,301,16 61,67,230,284,14
./VOCdevkit/VOC2007/JPEGImages/008979.jpg 36,41,443,351,13 40,31,239,322,14
./VOCdevkit/VOC2007/JPEGImages/009020.jpg 259,61,356,292,14 163,102,402,274,12
./VOCdevkit/VOC2007/JPEGImages/009036.jpg 287,263,474,405,1 303,132,475,387,14 29,2,111,129,14 1,29,69,238,14
./VOCdevkit/VOC2007/JPEGImages/009153.jpg 3,107,375,500,14
./VOCdevkit/VOC2007/JPEGImages/009208.jpg 234,40,383,333,14 1,43,249,305,12
./VOCdevkit/VOC2007/JPEGImages/009230.jpg 126,46,326,250,14 1,100,361,375,13
./VOCdevkit/VOC2007/JPEGImages/009290.jpg 51,57,291,266,14 345,125,372,202,4 126,61,453,208,17 2,144,58,294,8
./VOCdevkit/VOC2007/JPEGImages/009306.jpg 67,338,266,451,7 49,74,372,444,14
./VOCdevkit/VOC2007/JPEGImages/009318.jpg 238,8,330,242,14 32,58,438,334,12 372,102,400,123,6 351,101,376,124,6
./VOCdevkit/VOC2007/JPEGImages/009342.jpg 75,4,171,287,14 237,139,377,278,7 219,121,274,248,7 1,214,121,375,15
./VOCdevkit/VOC2007/JPEGImages/009377.jpg 19,97,62,200,14 57,19,417,336,18
./VOCdevkit/VOC2007/JPEGImages/009424.jpg 50,103,422,329,6 275,95,368,335,14
./VOCdevkit/VOC2007/JPEGImages/009520.jpg 458,155,500,308,8 270,75,496,359,14 128,72,312,359,14 2,77,150,307,14
./VOCdevkit/VOC2007/JPEGImages/009579.jpg 20,2,375,500,14
./VOCdevkit/VOC2007/JPEGImages/009600.jpg 100,174,363,333,1 142,76,335,294,14
./VOCdevkit/VOC2007/JPEGImages/009614.jpg 7,147,188,218,6 317,149,499,216,6 429,163,500,227,6 149,156,203,210,6 241,113,429,255,14 51,199,243,319,14
./VOCdevkit/VOC2007/JPEGImages/009659.jpg 243,4,500,375,8 81,11,371,370,14
./VOCdevkit/VOC2007/JPEGImages/009668.jpg 1,19,321,375,11 317,91,475,375,14
./VOCdevkit/VOC2007/JPEGImages/009721.jpg 91,174,278,424,8 25,150,245,474,14 1,72,113,399,14
./VOCdevkit/VOC2007/JPEGImages/009755.jpg 134,128,500,332,17 215,131,318,251,14
./VOCdevkit/VOC2007/JPEGImages/009813.jpg 185,132,500,284,14
./VOCdevkit/VOC2007/JPEGImages/009828.jpg 35,214,86,285,8 18,239,88,312,8 2,259,89,342,8 1,304,91,413,8 79,5,286,500,14
./VOCdevkit/VOC2007/JPEGImages/009874.jpg 116,158,238,480,12 91,108,262,325,14
./VOCdevkit/VOC2007/JPEGImages/009926.jpg 119,84,238,285,14 298,6,490,359,14 77,157,280,323,1 299,146,443,375,1
./VOCdevkit/VOC2007/JPEGImages/009944.jpg 87,120,329,291,13 145,38,305,290,14
./VOCdevkit/VOC2007/JPEGImages/000005.jpg 263,211,324,339,8 165,264,253,372,8 241,194,295,299,8
./VOCdevkit/VOC2007/JPEGImages/000007.jpg 141,50,500,330,6
./VOCdevkit/VOC2007/JPEGImages/000016.jpg 92,72,305,473,1
./VOCdevkit/VOC2007/JPEGImages/000019.jpg 231,88,483,256,7 11,113,266,259,7
./VOCdevkit/VOC2007/JPEGImages/000020.jpg 33,148,371,416,6
./VOCdevkit/VOC2007/JPEGImages/000021.jpg 1,235,182,388,11 210,36,336,482,14 46,82,170,365,14 11,181,142,419,14
./VOCdevkit/VOC2007/JPEGImages/000024.jpg 196,165,489,247,18
./VOCdevkit/VOC2007/JPEGImages/000046.jpg 211,234,317,366,2
./VOCdevkit/VOC2007/JPEGImages/000052.jpg 414,232,458,263,15 291,237,333,270,15 183,238,227,273,15 52,244,99,274,15 62,96,107,132,15 184,94,225,128,15
./VOCdevkit/VOC2007/JPEGImages/000060.jpg 1,137,427,333,6 1,62,479,235,6 1,27,422,141,6 44,7,458,134,6 199,6,475,98,6
./VOCdevkit/VOC2007/JPEGImages/000065.jpg 2,104,398,334,11
./VOCdevkit/VOC2007/JPEGImages/000072.jpg 40,71,333,473,13
./VOCdevkit/VOC2007/JPEGImages/000093.jpg 175,125,344,254,11 53,3,500,338,8
./VOCdevkit/VOC2007/JPEGImages/000095.jpg 20,52,439,285,18 1,125,114,234,18
./VOCdevkit/VOC2007/JPEGImages/000099.jpg 4,77,320,252,7
./VOCdevkit/VOC2007/JPEGImages/000102.jpg 121,134,352,274,17
./VOCdevkit/VOC2007/JPEGImages/000107.jpg 471,174,500,227,16
./VOCdevkit/VOC2007/JPEGImages/000109.jpg 17,12,482,235,2
./VOCdevkit/VOC2007/JPEGImages/000117.jpg 1,42,498,284,0
./VOCdevkit/VOC2007/JPEGImages/000118.jpg 164,97,281,375,7
./VOCdevkit/VOC2007/JPEGImages/000120.jpg 66,121,440,276,11
./VOCdevkit/VOC2007/JPEGImages/000130.jpg 4,1,500,249,3
./VOCdevkit/VOC2007/JPEGImages/000132.jpg 43,66,279,363,5
./VOCdevkit/VOC2007/JPEGImages/000142.jpg 26,81,465,266,6
./VOCdevkit/VOC2007/JPEGImages/000143.jpg 170,46,500,333,7
./VOCdevkit/VOC2007/JPEGImages/000156.jpg 41,73,381,352,17 432,103,496,144,6
./VOCdevkit/VOC2007/JPEGImages/000158.jpg 196,83,267,207,2
./VOCdevkit/VOC2007/JPEGImages/000180.jpg 14,110,496,356,6
./VOCdevkit/VOC2007/JPEGImages/000184.jpg 289,106,338,192,3 375,144,403,188,3 458,154,480,190,3 2,1,312,375,3
./VOCdevkit/VOC2007/JPEGImages/000203.jpg 52,166,167,332,8
./VOCdevkit/VOC2007/JPEGImages/000208.jpg 330,223,500,375,8 117,114,180,219,8 59,122,131,255,8 203,151,436,308,17
./VOCdevkit/VOC2007/JPEGImages/000211.jpg 48,262,244,349,9
./VOCdevkit/VOC2007/JPEGImages/000214.jpg 205,1,500,375,12
./VOCdevkit/VOC2007/JPEGImages/000215.jpg 144,81,338,411,7
./VOCdevkit/VOC2007/JPEGImages/000221.jpg 72,77,432,253,6
./VOCdevkit/VOC2007/JPEGImages/000224.jpg 36,159,220,337,19 401,245,500,375,4
./VOCdevkit/VOC2007/JPEGImages/000233.jpg 277,106,483,267,16 1,2,451,193,6
./VOCdevkit/VOC2007/JPEGImages/000236.jpg 88,169,275,314,2
./VOCdevkit/VOC2007/JPEGImages/000244.jpg 116,202,157,230,16
./VOCdevkit/VOC2007/JPEGImages/000246.jpg 60,44,331,310,11
./VOCdevkit/VOC2007/JPEGImages/000249.jpg 67,188,183,330,8 173,184,274,326,8 268,182,316,307,8 307,119,376,228,8 102,177,324,302,10
./VOCdevkit/VOC2007/JPEGImages/000266.jpg 98,19,374,500,11
./VOCdevkit/VOC2007/JPEGImages/000268.jpg 180,103,436,281,0 1,58,262,333,0
./VOCdevkit/VOC2007/JPEGImages/000270.jpg 150,120,443,183,18
./VOCdevkit/VOC2007/JPEGImages/000289.jpg 49,99,337,231,6
./VOCdevkit/VOC2007/JPEGImages/000303.jpg 15,39,500,280,6
./VOCdevkit/VOC2007/JPEGImages/000304.jpg 82,96,242,238,19
./VOCdevkit/VOC2007/JPEGImages/000318.jpg 322,79,436,167,6 201,81,301,143,6
./VOCdevkit/VOC2007/JPEGImages/000329.jpg 219,220,241,237,6
./VOCdevkit/VOC2007/JPEGImages/000336.jpg 4,7,472,426,11
./VOCdevkit/VOC2007/JPEGImages/000340.jpg 334,131,447,363,2 72,38,186,255,2
./VOCdevkit/VOC2007/JPEGImages/000343.jpg 25,74,489,323,6
./VOCdevkit/VOC2007/JPEGImages/000354.jpg 153,116,356,375,7
./VOCdevkit/VOC2007/JPEGImages/000373.jpg 19,343,319,453,6
./VOCdevkit/VOC2007/JPEGImages/000380.jpg 3,4,499,331,1
./VOCdevkit/VOC2007/JPEGImages/000381.jpg 6,184,375,500,10 155,8,174,37,4
./VOCdevkit/VOC2007/JPEGImages/000396.jpg 86,170,353,259,6
./VOCdevkit/VOC2007/JPEGImages/000403.jpg 157,90,486,372,7
./VOCdevkit/VOC2007/JPEGImages/000408.jpg 51,114,347,499,9
./VOCdevkit/VOC2007/JPEGImages/000417.jpg 174,82,369,375,9
./VOCdevkit/VOC2007/JPEGImages/000420.jpg 78,29,475,347,6
./VOCdevkit/VOC2007/JPEGImages/000424.jpg 65,159,134,216,2 189,197,284,254,2 327,209,401,252,2 411,177,486,227,2
./VOCdevkit/VOC2007/JPEGImages/000427.jpg 39,24,386,275,13
./VOCdevkit/VOC2007/JPEGImages/000439.jpg 1,168,308,209,18
./VOCdevkit/VOC2007/JPEGImages/000459.jpg 26,86,500,332,10
./VOCdevkit/VOC2007/JPEGImages/000460.jpg 259,67,471,372,8
./VOCdevkit/VOC2007/JPEGImages/000461.jpg 9,100,323,231,6
./VOCdevkit/VOC2007/JPEGImages/000462.jpg 1,3,465,375,9
./VOCdevkit/VOC2007/JPEGImages/000483.jpg 122,94,284,437,12 167,44,255,289,14
./VOCdevkit/VOC2007/JPEGImages/000486.jpg 34,25,337,404,7
./VOCdevkit/VOC2007/JPEGImages/000492.jpg 329,253,450,375,8 338,227,416,338,8 12,287,228,375,8 26,229,348,375,10
./VOCdevkit/VOC2007/JPEGImages/000494.jpg 1,58,369,458,6
./VOCdevkit/VOC2007/JPEGImages/000501.jpg 22,22,349,492,11
./VOCdevkit/VOC2007/JPEGImages/000509.jpg 1,2,468,375,6
./VOCdevkit/VOC2007/JPEGImages/000513.jpg 162,127,290,190,3
./VOCdevkit/VOC2007/JPEGImages/000514.jpg 36,1,500,374,0
./VOCdevkit/VOC2007/JPEGImages/000540.jpg 135,93,321,298,18
./VOCdevkit/VOC2007/JPEGImages/000543.jpg 22,86,433,344,6 23,96,91,146,6 298,87,500,243,6
./VOCdevkit/VOC2007/JPEGImages/000563.jpg 164,165,450,210,3
./VOCdevkit/VOC2007/JPEGImages/000564.jpg 86,150,500,333,10 43,106,58,147,4 6,103,19,142,4 366,149,479,333,8 231,163,392,333,8 1,165,162,333,8
./VOCdevkit/VOC2007/JPEGImages/000581.jpg 140,184,272,292,16
./VOCdevkit/VOC2007/JPEGImages/000582.jpg 1,1,373,411,11
./VOCdevkit/VOC2007/JPEGImages/000588.jpg 264,292,320,337,16 245,275,286,313,16 264,263,291,289,16 309,264,334,302,16 162,283,187,316,16 142,268,173,291,16 1,288,21,318,16
./VOCdevkit/VOC2007/JPEGImages/000598.jpg 291,230,419,344,19 173,201,259,315,8 87,146,154,193,19
./VOCdevkit/VOC2007/JPEGImages/000599.jpg 30,209,243,374,8 147,159,399,298,17
./VOCdevkit/VOC2007/JPEGImages/000601.jpg 300,1,500,168,15 168,34,420,190,15 1,57,450,348,15
./VOCdevkit/VOC2007/JPEGImages/000608.jpg 139,14,220,142,3 12,110,420,286,3
./VOCdevkit/VOC2007/JPEGImages/000610.jpg 50,83,500,285,0
./VOCdevkit/VOC2007/JPEGImages/000619.jpg 143,12,459,322,2
./VOCdevkit/VOC2007/JPEGImages/000637.jpg 10,2,487,373,1
./VOCdevkit/VOC2007/JPEGImages/000647.jpg 166,69,443,234,0
./VOCdevkit/VOC2007/JPEGImages/000653.jpg 432,83,500,131,6 373,83,458,135,6 311,85,408,140,6 1,95,106,172,6 2,94,444,312,6
./VOCdevkit/VOC2007/JPEGImages/000656.jpg 230,61,447,174,11
./VOCdevkit/VOC2007/JPEGImages/000660.jpg 169,76,500,322,17
./VOCdevkit/VOC2007/JPEGImages/000667.jpg 271,362,410,476,12
./VOCdevkit/VOC2007/JPEGImages/000675.jpg 79,87,426,272,18
./VOCdevkit/VOC2007/JPEGImages/000682.jpg 275,154,461,275,2
./VOCdevkit/VOC2007/JPEGImages/000686.jpg 283,91,498,301,13 14,100,303,308,13
./VOCdevkit/VOC2007/JPEGImages/000705.jpg 3,18,489,219,7
./VOCdevkit/VOC2007/JPEGImages/000707.jpg 93,150,134,187,19 292,289,363,500,19 78,176,139,281,8
./VOCdevkit/VOC2007/JPEGImages/000712.jpg 3,93,383,273,18
./VOCdevkit/VOC2007/JPEGImages/000714.jpg 190,56,439,300,2
./VOCdevkit/VOC2007/JPEGImages/000728.jpg 87,39,500,331,9
./VOCdevkit/VOC2007/JPEGImages/000730.jpg 5,52,495,234,0
./VOCdevkit/VOC2007/JPEGImages/000746.jpg 95,57,433,333,11
./VOCdevkit/VOC2007/JPEGImages/000748.jpg 47,100,440,246,5
./VOCdevkit/VOC2007/JPEGImages/000752.jpg 225,118,500,319,14 1,119,125,332,14
./VOCdevkit/VOC2007/JPEGImages/000756.jpg 67,8,365,500,11
./VOCdevkit/VOC2007/JPEGImages/000763.jpg 20,116,484,212,0
./VOCdevkit/VOC2007/JPEGImages/000771.jpg 93,143,221,284,8
./VOCdevkit/VOC2007/JPEGImages/000772.jpg 49,115,360,480,11
./VOCdevkit/VOC2007/JPEGImages/000776.jpg 17,26,481,193,6
./VOCdevkit/VOC2007/JPEGImages/000780.jpg 188,213,283,286,15
./VOCdevkit/VOC2007/JPEGImages/000787.jpg 120,93,423,279,6
./VOCdevkit/VOC2007/JPEGImages/000791.jpg 84,46,450,297,18
./VOCdevkit/VOC2007/JPEGImages/000794.jpg 220,208,302,272,7
./VOCdevkit/VOC2007/JPEGImages/000800.jpg 235,165,328,208,6 443,174,500,206,6 78,170,113,192,6 38,170,71,188,6
./VOCdevkit/VOC2007/JPEGImages/000808.jpg 77,1,415,333,9
./VOCdevkit/VOC2007/JPEGImages/000815.jpg 286,143,481,224,0 10,104,322,236,0
./VOCdevkit/VOC2007/JPEGImages/000826.jpg 11,32,436,445,3
./VOCdevkit/VOC2007/JPEGImages/000831.jpg 83,124,239,377,18
./VOCdevkit/VOC2007/JPEGImages/000832.jpg 89,38,337,500,2
./VOCdevkit/VOC2007/JPEGImages/000857.jpg 235,25,353,131,7
./VOCdevkit/VOC2007/JPEGImages/000868.jpg 1,216,399,375,17 433,213,465,236,15
./VOCdevkit/VOC2007/JPEGImages/000872.jpg 2,15,393,287,0
./VOCdevkit/VOC2007/JPEGImages/000880.jpg 305,24,355,65,2 51,239,87,322,2 116,158,141,206,2 379,119,440,199,9 329,114,380,179,9
./VOCdevkit/VOC2007/JPEGImages/000882.jpg 82,37,500,357,11
./VOCdevkit/VOC2007/JPEGImages/000896.jpg 2,189,256,294,0
./VOCdevkit/VOC2007/JPEGImages/000917.jpg 2,2,265,355,15 265,163,316,214,2
./VOCdevkit/VOC2007/JPEGImages/000921.jpg 163,77,500,291,7 127,66,299,223,8 143,4,500,375,8
./VOCdevkit/VOC2007/JPEGImages/000923.jpg 102,124,182,189,19 146,196,458,375,17 305,2,500,138,15 15,71,66,192,15 403,164,472,262,19 189,34,220,71,15
./VOCdevkit/VOC2007/JPEGImages/000931.jpg 104,302,224,338,3
./VOCdevkit/VOC2007/JPEGImages/000934.jpg 1,36,500,291,0
./VOCdevkit/VOC2007/JPEGImages/000935.jpg 67,207,111,243,6
./VOCdevkit/VOC2007/JPEGImages/000946.jpg 16,108,387,283,18 383,153,500,222,18
./VOCdevkit/VOC2007/JPEGImages/000947.jpg 36,43,217,474,11
./VOCdevkit/VOC2007/JPEGImages/000972.jpg 20,115,433,288,6
./VOCdevkit/VOC2007/JPEGImages/000973.jpg 30,51,488,331,1
./VOCdevkit/VOC2007/JPEGImages/001004.jpg 143,152,235,197,2
./VOCdevkit/VOC2007/JPEGImages/001009.jpg 33,11,500,375,7 4,44,263,316,7
./VOCdevkit/VOC2007/JPEGImages/001012.jpg 225,117,307,206,0
./VOCdevkit/VOC2007/JPEGImages/001018.jpg 235,209,500,361,17 344,280,430,375,8 136,279,243,373,8 1,266,97,375,8 101,236,186,368,8 198,212,244,268,8 135,209,188,264,8 1,209,139,334,10
./VOCdevkit/VOC2007/JPEGImages/001041.jpg 143,138,283,265,2
./VOCdevkit/VOC2007/JPEGImages/001045.jpg 214,2,327,276,4
./VOCdevkit/VOC2007/JPEGImages/001052.jpg 65,101,431,281,6
./VOCdevkit/VOC2007/JPEGImages/001053.jpg 24,11,285,482,11
./VOCdevkit/VOC2007/JPEGImages/001056.jpg 167,166,415,334,11 1,1,350,300,11
./VOCdevkit/VOC2007/JPEGImages/001062.jpg 126,33,337,289,19
./VOCdevkit/VOC2007/JPEGImages/001069.jpg 264,75,438,136,6 1,117,117,181,6
./VOCdevkit/VOC2007/JPEGImages/001074.jpg 74,54,422,208,2
./VOCdevkit/VOC2007/JPEGImages/001083.jpg 163,55,318,189,18
./VOCdevkit/VOC2007/JPEGImages/001084.jpg 116,176,212,458,12 99,101,225,337,14
./VOCdevkit/VOC2007/JPEGImages/001093.jpg 52,55,479,371,6 109,39,178,64,6
./VOCdevkit/VOC2007/JPEGImages/001102.jpg 33,1,283,149,0
./VOCdevkit/VOC2007/JPEGImages/001104.jpg 1,4,394,334,11
./VOCdevkit/VOC2007/JPEGImages/001107.jpg 12,96,493,225,0
./VOCdevkit/VOC2007/JPEGImages/001110.jpg 19,73,264,305,7 254,66,498,326,7
./VOCdevkit/VOC2007/JPEGImages/001121.jpg 54,29,294,500,3
./VOCdevkit/VOC2007/JPEGImages/001124.jpg 189,140,257,213,5
./VOCdevkit/VOC2007/JPEGImages/001136.jpg 35,153,500,375,3 298,68,422,133,2 248,155,291,222,2
./VOCdevkit/VOC2007/JPEGImages/001142.jpg 1,142,164,371,15 89,90,177,242,15 242,104,267,166,15
./VOCdevkit/VOC2007/JPEGImages/001143.jpg 14,40,373,475,9
./VOCdevkit/VOC2007/JPEGImages/001144.jpg 4,52,500,286,0
./VOCdevkit/VOC2007/JPEGImages/001148.jpg 222,167,248,187,6
./VOCdevkit/VOC2007/JPEGImages/001160.jpg 219,99,269,141,0
./VOCdevkit/VOC2007/JPEGImages/001161.jpg 56,1,500,375,18
./VOCdevkit/VOC2007/JPEGImages/001166.jpg 329,100,379,160,19
./VOCdevkit/VOC2007/JPEGImages/001176.jpg 272,82,451,340,3 196,298,252,314,3 139,252,175,315,3 33,213,81,317,3
./VOCdevkit/VOC2007/JPEGImages/001184.jpg 81,279,207,356,1
./VOCdevkit/VOC2007/JPEGImages/001187.jpg 21,410,230,500,8 185,363,366,500,8 107,270,360,396,17
./VOCdevkit/VOC2007/JPEGImages/001192.jpg 294,172,372,317,11 148,107,216,234,11
./VOCdevkit/VOC2007/JPEGImages/001199.jpg 305,254,500,375,13 86,177,395,375,13
./VOCdevkit/VOC2007/JPEGImages/001200.jpg 16,8,475,321,18
./VOCdevkit/VOC2007/JPEGImages/001203.jpg 31,6,327,208,11
./VOCdevkit/VOC2007/JPEGImages/001211.jpg 267,215,409,500,7 1,9,224,281,11
./VOCdevkit/VOC2007/JPEGImages/001215.jpg 31,71,473,317,1
./VOCdevkit/VOC2007/JPEGImages/001362.jpg 33,32,333,500,14
./VOCdevkit/VOC2007/JPEGImages/001531.jpg 48,131,226,375,8 279,63,463,375,14 103,60,225,375,14
./VOCdevkit/VOC2007/JPEGImages/001686.jpg 112,168,206,500,14
./VOCdevkit/VOC2007/JPEGImages/001689.jpg 122,86,227,376,14 1,183,203,500,14 60,238,158,367,8
./VOCdevkit/VOC2007/JPEGImages/001725.jpg 267,39,375,224,19 315,217,375,411,19 255,401,375,500,19 1,113,285,390,14
./VOCdevkit/VOC2007/JPEGImages/002302.jpg 150,82,489,323,3 66,36,204,372,14
./VOCdevkit/VOC2007/JPEGImages/002382.jpg 3,65,354,221,14 60,83,214,213,14
./VOCdevkit/VOC2007/JPEGImages/002444.jpg 288,96,415,369,14 213,120,330,285,14 123,272,164,375,4 2,274,31,372,4
./VOCdevkit/VOC2007/JPEGImages/002916.jpg 83,39,231,500,14
./VOCdevkit/VOC2007/JPEGImages/003017.jpg 139,117,453,301,12 174,99,309,234,14
./VOCdevkit/VOC2007/JPEGImages/003078.jpg 15,181,75,261,8 74,174,110,249,8 303,202,387,317,8 468,188,500,307,8 400,188,465,296,8 379,137,468,296,14 341,146,397,281,14 89,19,323,494,14 196,15,338,481,14
./VOCdevkit/VOC2007/JPEGImages/003301.jpg 97,41,271,333,14 104,196,236,294,11 4,110,109,309,15
./VOCdevkit/VOC2007/JPEGImages/003362.jpg 174,122,282,263,12 171,44,294,226,14
./VOCdevkit/VOC2007/JPEGImages/003397.jpg 232,197,334,315,14 15,168,258,321,6
./VOCdevkit/VOC2007/JPEGImages/003453.jpg 107,107,421,282,14
./VOCdevkit/VOC2007/JPEGImages/003469.jpg 139,145,362,372,1 68,26,185,358,14 211,1,462,308,14
./VOCdevkit/VOC2007/JPEGImages/003566.jpg 223,291,243,338,4 113,133,227,340,14
./VOCdevkit/VOC2007/JPEGImages/003648.jpg 52,91,500,373,17 224,82,314,335,14 160,55,334,294,14
./VOCdevkit/VOC2007/JPEGImages/003655.jpg 2,51,365,500,6 96,37,293,500,14
./VOCdevkit/VOC2007/JPEGImages/003708.jpg 1,89,351,500,14 239,153,365,468,8
./VOCdevkit/VOC2007/JPEGImages/003780.jpg 104,167,185,232,19 280,218,365,346,19 90,202,207,375,14 2,91,111,350,14 68,312,207,481,7
./VOCdevkit/VOC2007/JPEGImages/003877.jpg 281,227,368,322,15 42,188,225,348,15 307,51,376,95,15 179,171,289,351,14
./VOCdevkit/VOC2007/JPEGImages/003966.jpg 35,7,313,93,5 138,16,238,280,14
./VOCdevkit/VOC2007/JPEGImages/003986.jpg 44,57,311,330,11 175,28,462,299,14
./VOCdevkit/VOC2007/JPEGImages/004010.jpg 1,134,500,362,17 118,8,450,418,14
./VOCdevkit/VOC2007/JPEGImages/004060.jpg 95,89,301,375,14 261,112,382,268,14
./VOCdevkit/VOC2007/JPEGImages/004110.jpg 203,113,298,375,14 203,258,227,318,4
./VOCdevkit/VOC2007/JPEGImages/004142.jpg 2,177,70,230,11 79,53,258,356,14 124,1,475,375,14
./VOCdevkit/VOC2007/JPEGImages/004259.jpg 125,166,350,292,17 41,228,189,372,8 172,166,252,303,14
./VOCdevkit/VOC2007/JPEGImages/004265.jpg 253,139,402,276,14
./VOCdevkit/VOC2007/JPEGImages/004298.jpg 284,169,349,284,11 1,149,440,375,17 158,84,363,373,14
./VOCdevkit/VOC2007/JPEGImages/004304.jpg 173,119,430,302,6 52,22,160,352,14
./VOCdevkit/VOC2007/JPEGImages/004397.jpg 2,1,335,440,14
./VOCdevkit/VOC2007/JPEGImages/004499.jpg 78,91,490,375,14 192,256,492,375,14 223,24,500,333,14
./VOCdevkit/VOC2007/JPEGImages/004647.jpg 83,121,298,332,13 275,57,371,312,14 115,53,213,213,14
./VOCdevkit/VOC2007/JPEGImages/004732.jpg 60,140,375,500,8 78,163,361,497,14
./VOCdevkit/VOC2007/JPEGImages/004770.jpg 83,2,335,500,14
./VOCdevkit/VOC2007/JPEGImages/004831.jpg 111,29,361,318,14
./VOCdevkit/VOC2007/JPEGImages/004872.jpg 252,131,291,263,12 237,94,311,212,14
./VOCdevkit/VOC2007/JPEGImages/004954.jpg 24,153,381,482,16 104,30,416,436,14
./VOCdevkit/VOC2007/JPEGImages/004994.jpg 186,151,377,354,14 126,175,329,354,8
./VOCdevkit/VOC2007/JPEGImages/005063.jpg 114,360,192,473,9 35,345,92,489,14
./VOCdevkit/VOC2007/JPEGImages/005102.jpg 1,199,54,271,14 1,167,50,219,6 104,170,166,216,6 200,173,319,222,6 270,181,406,241,6 303,185,500,274,6
./VOCdevkit/VOC2007/JPEGImages/005146.jpg 394,102,492,279,1 306,134,390,282,1 13,143,91,274,1 125,127,197,277,1 181,138,280,280,1 12,53,93,271,14 129,79,219,270,14 213,49,299,274,14 284,36,356,276,14 394,28,484,267,14
./VOCdevkit/VOC2007/JPEGImages/005274.jpg 282,103,435,358,11 170,229,277,341,11 102,62,422,344,14
./VOCdevkit/VOC2007/JPEGImages/005346.jpg 421,43,500,237,15 95,77,394,330,14
./VOCdevkit/VOC2007/JPEGImages/005384.jpg 12,2,500,375,18 313,133,456,375,14
./VOCdevkit/VOC2007/JPEGImages/005419.jpg 100,111,237,419,12 85,74,240,262,14
./VOCdevkit/VOC2007/JPEGImages/005439.jpg 171,44,328,237,8 1,199,137,375,8 212,85,284,137,14
./VOCdevkit/VOC2007/JPEGImages/005471.jpg 303,28,455,174,8 19,28,274,332,14 274,26,497,308,14 162,238,190,305,4
./VOCdevkit/VOC2007/JPEGImages/005573.jpg 121,57,323,373,14 3,54,418,373,17
./VOCdevkit/VOC2007/JPEGImages/005613.jpg 63,1,298,292,14 161,227,395,375,11
./VOCdevkit/VOC2007/JPEGImages/005657.jpg 1,14,490,331,14
./VOCdevkit/VOC2007/JPEGImages/005662.jpg 121,136,227,295,14 262,203,271,226,4 245,207,254,245,4 231,200,243,241,4 212,202,223,234,4 1,273,349,500,10
./VOCdevkit/VOC2007/JPEGImages/005682.jpg 85,3,404,375,14 5,2,162,174,15
./VOCdevkit/VOC2007/JPEGImages/005729.jpg 25,108,403,332,13 135,34,309,304,14
./VOCdevkit/VOC2007/JPEGImages/005732.jpg 349,232,450,406,12 249,209,336,408,12 38,171,195,401,12 348,166,453,385,14 229,157,351,374,14 44,115,173,373,14
./VOCdevkit/VOC2007/JPEGImages/005788.jpg 148,32,358,262,14
./VOCdevkit/VOC2007/JPEGImages/005852.jpg 231,206,317,277,19 129,220,320,475,14
./VOCdevkit/VOC2007/JPEGImages/005928.jpg 388,103,500,337,13 2,153,104,375,13 84,149,156,245,13 214,136,326,331,13 289,77,334,201,14 212,89,331,298,14 144,85,207,315,14
./VOCdevkit/VOC2007/JPEGImages/005985.jpg 239,1,354,258,15 55,70,231,410,14
./VOCdevkit/VOC2007/JPEGImages/006005.jpg 55,81,181,196,14 178,70,294,192,14 182,330,257,455,8
./VOCdevkit/VOC2007/JPEGImages/006148.jpg 100,231,208,413,9 92,122,289,452,14
./VOCdevkit/VOC2007/JPEGImages/006163.jpg 79,89,305,500,14
./VOCdevkit/VOC2007/JPEGImages/006209.jpg 358,185,441,268,19 147,167,355,375,14
./VOCdevkit/VOC2007/JPEGImages/006240.jpg 1,14,350,467,14
./VOCdevkit/VOC2007/JPEGImages/006282.jpg 119,98,312,334,14
./VOCdevkit/VOC2007/JPEGImages/006351.jpg 89,55,390,375,14 358,119,465,230,15
./VOCdevkit/VOC2007/JPEGImages/006355.jpg 238,214,313,336,11 202,175,245,318,11 189,27,283,217,14
./VOCdevkit/VOC2007/JPEGImages/006391.jpg 135,135,359,388,8 6,114,310,454,14
./VOCdevkit/VOC2007/JPEGImages/006440.jpg 307,137,500,305,13 270,123,313,266,14
./VOCdevkit/VOC2007/JPEGImages/006488.jpg 143,185,420,358,11 245,51,498,359,14
./VOCdevkit/VOC2007/JPEGImages/006583.jpg 84,86,339,324,14 258,60,374,214,19 367,64,425,168,19
./VOCdevkit/VOC2007/JPEGImages/006587.jpg 213,31,288,198,14
./VOCdevkit/VOC2007/JPEGImages/006599.jpg 100,1,248,209,8 37,1,158,262,14 224,1,500,375,14
./VOCdevkit/VOC2007/JPEGImages/006621.jpg 142,2,426,120,17 159,166,290,343,14
./VOCdevkit/VOC2007/JPEGImages/006645.jpg 44,171,185,379,14 133,109,289,370,12
./VOCdevkit/VOC2007/JPEGImages/006677.jpg 1,279,75,458,8 67,235,333,500,14
./VOCdevkit/VOC2007/JPEGImages/006739.jpg 114,8,431,375,14 23,160,190,285,2 188,180,288,375,2
./VOCdevkit/VOC2007/JPEGImages/006768.jpg 16,167,312,500,8 109,72,376,310,14
./VOCdevkit/VOC2007/JPEGImages/006786.jpg 82,1,324,358,14 296,24,451,328,14
./VOCdevkit/VOC2007/JPEGImages/006808.jpg 33,11,266,375,14
./VOCdevkit/VOC2007/JPEGImages/006850.jpg 42,40,221,328,14 3,89,321,410,12
./VOCdevkit/VOC2007/JPEGImages/006876.jpg 107,100,167,203,8 210,8,384,310,14 140,162,224,277,7
./VOCdevkit/VOC2007/JPEGImages/006981.jpg 183,94,253,273,14
./VOCdevkit/VOC2007/JPEGImages/006988.jpg 62,66,387,307,6 78,114,128,139,14
./VOCdevkit/VOC2007/JPEGImages/006990.jpg 291,211,429,310,1 323,141,370,308,14
./VOCdevkit/VOC2007/JPEGImages/007020.jpg 54,176,129,430,14
./VOCdevkit/VOC2007/JPEGImages/007031.jpg 1,86,140,489,14 262,122,370,465,14
./VOCdevkit/VOC2007/JPEGImages/007046.jpg 53,160,307,500,8 76,153,309,499,14
./VOCdevkit/VOC2007/JPEGImages/007049.jpg 1,4,493,375,0 1,14,125,375,14
./VOCdevkit/VOC2007/JPEGImages/007114.jpg 222,22,397,333,14 50,140,263,332,14
./VOCdevkit/VOC2007/JPEGImages/007140.jpg 50,132,330,424,1 75,163,327,500,14
./VOCdevkit/VOC2007/JPEGImages/007187.jpg 14,149,422,308,17 1,121,238,224,14 277,120,473,223,14 153,101,348,334,14
./VOCdevkit/VOC2007/JPEGImages/007227.jpg 5,36,268,500,14
./VOCdevkit/VOC2007/JPEGImages/007260.jpg 64,159,367,446,12 149,71,267,303,14
./VOCdevkit/VOC2007/JPEGImages/007266.jpg 1,102,172,346,8 326,86,479,322,14 111,89,326,319,14
./VOCdevkit/VOC2007/JPEGImages/007318.jpg 21,23,46,93,14
./VOCdevkit/VOC2007/JPEGImages/007330.jpg 124,14,487,330,14
./VOCdevkit/VOC2007/JPEGImages/007350.jpg 219,233,459,360,10 4,197,182,328,10 171,75,245,360,14 245,87,316,281,14
./VOCdevkit/VOC2007/JPEGImages/007438.jpg 71,41,264,475,14
./VOCdevkit/VOC2007/JPEGImages/007543.jpg 213,172,288,320,1 328,172,417,308,1 61,145,202,310,1 216,103,295,290,14 315,107,410,285,14
./VOCdevkit/VOC2007/JPEGImages/007559.jpg 57,78,195,461,14 301,121,375,213,19
./VOCdevkit/VOC2007/JPEGImages/007592.jpg 8,121,323,320,6 183,221,295,463,14 96,197,207,446,14
./VOCdevkit/VOC2007/JPEGImages/007618.jpg 33,51,202,500,14
./VOCdevkit/VOC2007/JPEGImages/007639.jpg 3,204,372,500,17 117,290,246,422,14
./VOCdevkit/VOC2007/JPEGImages/007712.jpg 52,128,262,411,13 72,42,246,396,14
./VOCdevkit/VOC2007/JPEGImages/007760.jpg 94,252,272,500,11 2,4,330,500,14
./VOCdevkit/VOC2007/JPEGImages/007763.jpg 366,71,497,375,14 256,69,377,285,14 139,103,207,253,14 162,79,272,266,14 49,178,163,375,14 110,196,244,375,14 203,216,393,375,14
./VOCdevkit/VOC2007/JPEGImages/007799.jpg 63,89,159,322,14 341,178,408,308,8
./VOCdevkit/VOC2007/JPEGImages/007946.jpg 244,60,426,225,14 118,111,309,252,11
./VOCdevkit/VOC2007/JPEGImages/007971.jpg 1,1,500,333,6 179,83,323,261,14
./VOCdevkit/VOC2007/JPEGImages/008033.jpg 1,1,429,284,18 223,63,298,221,14
./VOCdevkit/VOC2007/JPEGImages/008103.jpg 3,136,500,368,17 207,72,326,374,14
./VOCdevkit/VOC2007/JPEGImages/008122.jpg 58,42,227,330,14 274,61,406,206,14 4,209,115,296,10 48,199,109,332,8
./VOCdevkit/VOC2007/JPEGImages/008175.jpg 197,4,424,374,14 12,37,242,375,14
./VOCdevkit/VOC2007/JPEGImages/008225.jpg 242,136,281,231,14 112,201,189,330,14 56,128,190,221,6 128,189,249,247,6
./VOCdevkit/VOC2007/JPEGImages/008284.jpg 258,124,348,238,11 1,1,263,375,14 2,122,227,373,8
./VOCdevkit/VOC2007/JPEGImages/008294.jpg 38,46,207,179,6 145,122,324,237,13 202,78,293,237,14 217,71,319,108,6 319,63,451,120,6
./VOCdevkit/VOC2007/JPEGImages/008368.jpg 174,57,433,332,14
./VOCdevkit/VOC2007/JPEGImages/008390.jpg 54,230,301,450,14 32,117,289,500,14 31,111,335,489,8
./VOCdevkit/VOC2007/JPEGImages/008433.jpg 280,195,386,348,1 172,126,261,271,1 107,78,200,209,1 274,103,422,303,14 170,43,295,234,14 125,14,227,194,14
./VOCdevkit/VOC2007/JPEGImages/008485.jpg 22,1,262,373,7 5,3,499,375,14
./VOCdevkit/VOC2007/JPEGImages/008509.jpg 27,206,69,277,11 224,178,270,251,11 338,195,419,272,11 94,65,167,249,12 82,6,175,177,14
./VOCdevkit/VOC2007/JPEGImages/008573.jpg 73,190,327,415,17 176,178,303,314,14
./VOCdevkit/VOC2007/JPEGImages/008612.jpg 175,124,220,234,14 97,147,295,234,12
./VOCdevkit/VOC2007/JPEGImages/008647.jpg 1,2,465,375,14
./VOCdevkit/VOC2007/JPEGImages/008701.jpg 143,135,265,314,14 2,18,431,350,14
./VOCdevkit/VOC2007/JPEGImages/008805.jpg 60,143,348,450,12 159,117,279,284,14
./VOCdevkit/VOC2007/JPEGImages/008817.jpg 274,13,412,374,14 5,36,465,375,13
./VOCdevkit/VOC2007/JPEGImages/008876.jpg 224,102,299,253,14 49,188,486,333,12
./VOCdevkit/VOC2007/JPEGImages/008884.jpg 149,179,208,375,14 203,201,252,368,14 2,3,369,259,3
./VOCdevkit/VOC2007/JPEGImages/008921.jpg 128,2,339,400,14
./VOCdevkit/VOC2007/JPEGImages/008953.jpg 1,47,191,316,14 163,266,222,360,4
./VOCdevkit/VOC2007/JPEGImages/009024.jpg 197,140,278,310,14 163,172,288,360,12
./VOCdevkit/VOC2007/JPEGImages/009087.jpg 16,172,93,226,15 25,229,89,279,15 5,274,106,374,15 221,117,336,375,14 220,123,269,199,14 119,141,232,375,14 256,199,344,351,7
./VOCdevkit/VOC2007/JPEGImages/009180.jpg 343,102,445,260,13 3,90,213,331,13 354,81,440,244,14 229,21,343,291,14 24,18,219,296,14
./VOCdevkit/VOC2007/JPEGImages/009312.jpg 137,148,401,375,13 90,78,197,324,14
./VOCdevkit/VOC2007/JPEGImages/009374.jpg 71,94,461,334,8 58,64,334,334,14
./VOCdevkit/VOC2007/JPEGImages/009375.jpg 128,146,145,188,4 128,92,247,380,14
./VOCdevkit/VOC2007/JPEGImages/009382.jpg 1,236,333,500,13 34,75,305,485,14 11,1,149,370,14
./VOCdevkit/VOC2007/JPEGImages/009477.jpg 109,63,228,224,14 199,5,332,75,6 107,33,210,88,6 31,39,179,100,6
./VOCdevkit/VOC2007/JPEGImages/009479.jpg 2,278,357,500,17 145,261,293,327,7 3,291,104,500,14
./VOCdevkit/VOC2007/JPEGImages/009567.jpg 3,59,382,375,17 100,87,302,375,14
./VOCdevkit/VOC2007/JPEGImages/009568.jpg 164,145,330,275,1 185,57,291,249,14
./VOCdevkit/VOC2007/JPEGImages/009603.jpg 5,153,493,375,3 330,86,456,373,14
./VOCdevkit/VOC2007/JPEGImages/009647.jpg 367,208,389,284,4 398,202,422,278,4 328,188,348,231,4 228,122,249,163,4 41,138,283,375,14 130,123,367,266,14 213,95,404,226,14 253,11,353,188,15 23,229,224,374,8
./VOCdevkit/VOC2007/JPEGImages/009698.jpg 135,153,415,375,12 270,2,472,375,14 145,60,247,282,14 48,57,168,375,14
./VOCdevkit/VOC2007/JPEGImages/009738.jpg 187,255,311,474,14
./VOCdevkit/VOC2007/JPEGImages/009767.jpg 103,114,260,500,12 90,51,219,361,14
./VOCdevkit/VOC2007/JPEGImages/009773.jpg 188,71,288,245,14 205,127,375,311,8 453,131,500,197,8
./VOCdevkit/VOC2007/JPEGImages/009902.jpg 121,57,150,128,4 105,68,129,138,4 135,52,155,114,4 231,65,366,218,14 12,99,216,363,14 357,107,500,292,14
